0,460
0,459
0,458
0,457
0,456
0,455
0,454
0,453
0,452
0,451
0,450
0,449
0,448
0,447
0,446
0,445
0,444
0,443
0,442
0,441
0,440
0,439
0,438
0,437
0,436
0,435
0,434
0,433
0,432
0,431
0,430
0,429
0,428
0,427
0,426
0,425
0,424
0,423
0,422
0,421
0,420
0,419
0,418
0,417
0,416
0,415
0,414
0,413
0,412
0,411
0,410
0,409
0,408
0,407
0,406
28,4
28,3
28,2
28,1
28,0
0,405
0,404
0,403
0,402
0,386
0,278
27,4
27,3
27,2
0,9
27,1
27,0
26,35
3,2
10,28
10,268
10,110
10,92
10,166
10,264
10,216
10,2
10,3
11,6
11,18
11,4
9,2
9,3
8,8
8,12
8,6
8,2
8,3
24,3
24,2
